0.04799
0.0
0.53454
0.5436
0.0
0.0
0.0
0.04176
0.0
0.0
0.0
0.0
0.0
0.0
0.0
0.0
0.0
0.0
0.0
0.0
0.0
0.0
0.0
0.0
0.0
0.0
0.0
0.0
0.0
0.0
0.0
0.0
0.12636
0.11178
0.0
0.0
0.06375
0.0875
0.0275
0.0
0.0
0.0
0.0
0.0
0.0
0.0
0.0
0.0
0.0
0.0
0.0
0.0
0.0
0.4901
0.24665
0.54125
0.23438
0.195
0.0
0.0
0.0
0.0
0.0
0.0
0.0
0.0
0.0
0.0
0.0
0.0
0.0
0.0
0.0
0.0
0.0
0.0
0.0
0.0
0.0
0.0
0.0
0.0
0.0
0.0
0.0
0.0
0.0
0.0
0.0
0.0
0.0
0.0
0.0
0.0
0.0
0.0
0.0
0.0
0.0
0.0
0.0
0.0
0.0
0.0
0.0
0.0
0.0
0.0
0.0
0.0
0.00908
0.0
0.0
0.0
0.0
1.52892
0.0
0.0
0.0
0.0
0.0
0.25807
0.1833
0.0
0.0
0.0
0.0
0.0
0.0
0.03825
0.08415
0.0
0.0
0.0
0.0
0.0
0.0
0.0
0.0
0.0
0.0
0.0
0.0
0.0
0.0
0.0
0.0
0.0
0.0
0.0
0.0
0.0
0.0
0.0
0.0
0.0
0.0
0.0
0.0
0.0
0.0
0.0
0.0
0.0
0.0
0.0
0.0
0.0
0.0
0.0
0.0
0.0
0.0
0.0
0.0
0.0
0.0
0.00114
0.0
0.0
0.0
0.0
0.0
0.0
0.516
0.6
0.484
1.0
1.0
0.0
0.0
0.0
0.0
0.0
0.0
0.0
0.0
0.0
0.0
0.0
0.0
0.0
0.0
0.04653
0.0564
0.0336
0.0
0.0
0.0
0.00918
0.00189
0.00378
0.0
0.0
0.0
0.0
0.0
0.0
0.0
0.0
0.0
0.0
0.0
0.0
0.0
0.0
0.0
0.0
0.0
0.51856
0.38892
0.0
0.11528
0.05565
0.07956
0.12708
0.0884
0.02185
0.0
0.0
0.0
0.0
0.0
0.0
0.0
0.0
0.0
0.0
0.0
0.1176
0.03713
0.16195
0.0
0.0
0.0
0.0
0.02961
0.03384
0.02115
0.02538
0.0
0.0
0.0
0.0
0.0
0.0
0.0
0.0
0.0
0.0
0.0
0.0
0.0
0.0
0.0
0.0
0.0
0.0
0.0
0.0
0.0
0.0
0.0
0.0
0.0
0.0
0.0
0.03793
0.03096
0.0
0.0
0.0
0.0
0.0
0.0
0.0
0.0
0.40125
0.0
0.0
0.0
0.0
0.0
0.0
0.0
0.0
0.0
0.0
0.0
0.0
0.0
0.0295
0.14748
0.0
0.0
0.0
0.0
0.0
0.0
0.0
0.0
0.0
0.13293
0.53064
0.0
0.0
0.0
0.0
0.0
0.0
0.0
0.0
0.1314
0.14454
0.14124
0.03531
0.0208
0.15878
0.03942
0.0
0.0
0.0
0.0
0.0
0.0
0.0
0.0
0.0
0.0
0.0
0.0
0.2684
0.3904
0.0
0.0
0.0
0.0
0.0
0.10704
0.0
0.0
0.0
0.0
0.0
0.0
0.0
0.0
0.0
0.0
0.24138
0.0
0.0
0.84735
1.29523
0.11748
0.38976
0.51858
0.10836
0.06192
0.2898
0.04725
0.49536
0.13824
0.1728
0.6413
0.252
0.06272
0.28224
0.29318
0.0
0.0
0.0
0.0
0.0
0.0
0.0
0.0
0.0
0.0
0.0
0.0
0.0
0.0
0.0
0.0
0.0
0.0
0.0
0.0
0.0
0.0
0.0
0.51584
0.02169
0.00482
0.11568
0.51815
0.07076
0.0288
0.0
0.0
0.0
0.0
0.0
0.0
0.0
0.0
0.0
0.0
0.0
0.0
0.0
0.0
0.0
0.0
0.0
0.0
0.0
0.0
0.01771
0.0
0.0
0.0
0.0
0.0752
0.3008
0.10015
0.0
0.0
0.0
0.783
0.6525
0.73225
0.0
0.0
0.0
0.0
0.0
0.0
0.0
0.0
0.0
0.0
0.0
0.0
0.155
0.0896
0.175
0.0
0.0
0.0
0.0
0.0
0.0
0.0
0.0
0.0
0.0
0.0
0.0
0.0
0.0
0.0
0.0
0.0
0.0
0.0
0.0
0.0
0.0
0.0
0.0
0.0
0.0
0.0
0.0
0.0
0.0
0.0
0.0
0.0
0.0
0.0
0.0
0.0
0.0
0.0
0.0
0.0
0.0
0.0
0.0
0.0
0.0
0.0
0.0
0.0
0.0
0.0
0.0
0.0
0.0
0.0
0.04992
0.0
0.0
0.0
0.0
0.0
0.0
0.0
0.0
0.0
0.0
0.0
0.0
0.0
0.0
0.0
0.0
0.0
0.0
0.0
0.0
0.0
0.0
0.0
0.0
0.0
0.0
0.0
0.0
0.0
0.0
0.0
0.0
0.0
0.0
0.0
0.0
0.0
0.0
0.0
0.0
0.0
0.0
0.0
0.0
0.0
0.0
0.0
0.0
0.0
0.08806
0.05236
0.0
0.13888
0.10332
0.0343
0.0
0.0
0.0
0.0
0.0
0.0
0.3186
0.0
0.0
0.0
0.0
0.177
0.0
0.0
0.0
0.0
0.0
0.0
0.12882
0.05424
0.53124
0.37683
0.48756
0.0
0.0
0.0
0.0
0.0
0.0
0.0
0.0
0.0
0.0
0.0
0.0
0.0
0.0
0.0
0.0
0.0
0.0
0.0
0.0
0.0
0.0
0.0
0.02604
0.0
0.0
0.0
0.0
0.38688
0.38552
0.0
0.0
0.0
0.0
0.0
0.0
0.0
0.0
0.0
0.0
0.0
0.0
0.0
0.0
0.0
0.0
0.0
0.0
0.0
0.0
0.0
0.0
0.0
0.0
0.0
0.0
0.0
0.0
0.0
0.0
0.0
0.0
0.0
0.0
0.0
0.0
0.0
0.0
0.0
0.0
0.0
0.0
0.0
0.0
0.0
0.0
0.0
0.0
0.0
0.0
0.0
0.0
0.0
0.34848
0.0
0.0081
0.0
0.0
0.0
0.0
0.0
0.0
0.0
0.0
0.0
0.0
0.0
0.0
0.0
0.0
0.0
0.0
0.0
0.0
0.0
0.0
0.0
0.0
0.0
0.0
0.0
0.0
0.0
0.0
0.0
0.0
0.0
0.0
0.0
0.0
0.0
0.0
0.0
0.12322
0.1243
0.0
0.0
0.0
0.0
1.3056
1.00084
0.72414
0.75491
0.59207
0.64694
0.61508
0.64584
0.4338
0.29402
0.72059
1.8278
1.7242
1.0604
0.0
0.0
0.0
0.0
0.0
0.0
0.0
0.0
0.0
0.0
0.0
0.0
0.0
0.0
0.0
0.0
0.0
0.0
0.0
0.0
0.0
0.0
0.0
0.0
0.0
0.0
0.0
0.0
0.0
0.0
0.0
0.0
0.0
0.0
0.0
0.0
0.0
0.0
0.0
0.0
0.0
0.0
0.0
0.0
0.0
0.0
0.0
0.0
0.0
0.0
0.0
0.0
0.0
0.0
0.0
0.0
0.0
0.0
0.0
0.0
0.0
0.0
0.0
0.0
0.0
0.0
0.0
0.0
0.0
0.0
0.0
0.0
0.0
0.0
0.0
0.0
1.18545
1.64682
1.24136
1.19028
1.17504
0.77408
1.31166
2.04622
2.11827
0.63404
1.1235
1.8642
1.30569
1.15024
0.30296
0.5888
0.1196
0.57664
0.11713
0.33744
0.5328
0.25493
0.91239
1.54487
0.23991
1.2392
0.23235
0.68309
0.86427
0.23608
0.37682
0.2418
0.38595
0.66681
0.99265
0.35164
0.66947
0.8343
0.56347
1.17303
0.74997
1.07547
0.86242
0.82925
0.92628
0.62748
0.49414
0.44632
0.87904
0.68608
0.96459
0.82867
0.6042
0.54378
1.7635
0.84648
0.8562
0.51141
1.19028
0.57706
0.8232
0.0
0.0
0.0
0.0
0.0
0.0
0.0
0.0
0.0
0.0
0.0
0.0
0.0
0.0
0.0
0.0
0.0368
0.04784
0.02668
0.0276
0.03496
0.01932
0.0
0.0
0.0
0.0
0.0
0.0
0.0
0.0
0.0
0.39298
0.0
0.0
0.0
0.0
0.0
0.0
0.0
0.0
0.0
0.0
0.0
0.71852
0.0
0.0
0.0
0.0
0.0
0.4752
0.363
0.0
0.0
0.0
0.0
0.0
0.0
0.0
0.0
0.0
0.60192
0.0
0.0
0.0
0.0
0.43463
0.16853
0.56768
0.37254
0.1768
0.1989
0.0
0.0
0.0
0.0
0.0
0.0
0.0
0.0
0.0
0.0
0.0
0.0
0.0
0.14124
0.13665
0.0
0.0
0.0
0.0
0.0
0.0
0.0
0.0
0.0
0.0
0.0
0.0
0.0
0.0
0.0
0.0
0.0
0.0
0.0
0.66976
0.0
0.0
0.97812
0.29172
0.97297
0.3477
0.1037
0.34587
0.0
0.0
0.0
0.0
0.38475
0.0
0.0
0.5841
0.60215
0.0
0.0
0.0
0.0
0.0
0.0
0.0
0.0
0.0
0.0
0.0
0.0
0.0
0.5307
0.23663
0.43758
0.0
0.0
0.0
0.0
0.0
0.0
0.0
0.0
0.0
0.0
0.0
0.22308
0.06864
0.0
0.0
0.0
0.4087
0.0976
0.0
0.0
0.0
0.0
0.0
0.0
0.0
0.0
0.0
0.0
0.55341
0.21441
0.5148
0.0
0.0
0.0
0.0
0.03712
0.0348
0.2976
0.0
0.0
0.0
0.03774
0.0
0.13356
0.0
0.0
0.48018
0.0
0.15792
0.10528
0.16112
0.10944
0.34474
0.59892
0.45994
0.83326
0.0
0.03196
0.05335
0.01927
0.0
0.24444
0.16171
0.488
0.11745
0.30806
0.0
0.0
0.0
0.0
0.03159
0.0
0.0
0.0
0.2276
0.0192
0.39524
1.212
0.0
0.0
0.2562
0.15128
0.0
0.12826
0.15128
1.06384
0.35464
0.30048
0.37164
0.2142
0.03644
0.0
0.0
0.0
0.0
0.0
0.0
0.0
0.0
0.0
0.0
0.0
0.0
0.0
0.0
0.0
0.07874
0.0
0.0
0.0
0.09994
0.0
0.0
0.0
0.0
0.0
0.0
0.0
0.0
0.0
0.0
0.0
0.0
0.0
0.3795
0.1152
0.38203
0.09108
0.0
0.0
0.0
0.0
0.0
0.0
0.0
0.0
0.0
0.0
0.0
0.0
0.0
0.0
0.0
0.0
0.0
0.0
0.0
0.0
0.0
0.0
0.0
0.0
0.0
0.0
0.0
0.0
0.0
0.0
0.0
0.0
0.0
0.0
0.0
0.0
0.0
0.0
0.0
0.0
0.0
0.0
0.0
0.0
0.99996
1.1538
0.7692
2.56
3.04
1.28
2.00013
1.9998
1.24432
0.99996
0.99996
0.99992
1.41368
0.55168
0.81635
0.64745
0.99996
1.0
1.4
0.6
1.0
1.53553
2.00005
0.43407
0.5565
1.47392
1.28576
0.69399
0.98252
1.47378
0.99996
2.65374
2.65374
1.467
1.67238
0.5321
1.0642
0.26605
0.10642
0.3927
0.3927
1.99984
1.99984
0.3313
0.19878
1.0
1.14272
0.82133
1.9998
1.24432
1.99984
0.99996
2.65374
1.0
1.2
0.8
0.99996
2.65374
1.99984
1.0
1.53553
1.0
1.23072
0.26922
0.7692
1.0
1.23072
0.88458
0.76076
0.67298
0.65512
0.96544
0.99992
1.8964
1.45707
1.0
1.393
0.98207
1.4763
1.1655
1.0101
0.80058
1.00008
1.79181
0.44587
1.69983
0.9999
1.4816
1.92608
1.00008
0.63335
1.00002
0.2381
0.42218
1.46652
0.42218
1.46652
0.42218
1.46652
0.42218
1.46652
1.28876
0.42218
1.46652
0.1602
0.4942
0.91102
0.8888
1.14684
0.23712
0.7712
0.482
0.53984
0.73264
0.2176
0.16638
0.82112
0.6205
0.69552
0.25
0.50625
1.0
0.35
0.30763
0.48156
0.46
0.33319
0.64075
0.05639
0.33796
0.38766
0.24112
0.06138
0.28496
0.19728
0.6576
0.15563
0.33339
0.30756
0.45493
0.15378
0.25808
0.91941
0.25216
0.21912
1.58862
0.434
0.7161
0.38714
0.7445
1.13164
0.40379
0.26656
0.4165
0.26075
0.78225
0.55875
0.23468
0.48336
0.75525
0.27189
0.27225
0.10752
0.5754
0.4452
1.15649
0.85608
0.7259
1.09922
0.7112
1.07696
1.34805
0.75936
1.00627
0.29974
0.53525
0.385
0.693
0.29003
0.2353
0.5611
0.29578
1.95
0.73889
0.0
0.54152
0.43488
0.50736
0.38052
0.25272
0.19656
0.23166
0.63954
0.71808
0.1122
0.50204
0.13062
0.57691
0.17416
0.1773
0.13593
0.52854
1.11692
0.68136
1.897
0.17265
0.3453
0.07788
0.30807
0.20808
0.23408
0.68752
0.6091
1.17432
1.1179
0.89432
1.51328
1.32412
1.4187
1.29801
1.60706
0.76656
0.3333
0.8484
0.33334
0.33334
0.3332
0.476
0.5648
1.58144
3.59476
0.36956
2.0
0.65
1.0
0.325
2.0
0.65
1.05417
0.22705
2.02725
1.00011
1.05417
1.00011
1.00011
1.3052
1.46584
0.33306
2.0
0.32867
0.78595
2.0
2.0007
2.0
2.0006
1.00035
0.99946
1.00035
1.00035
1.00035
1.2483
1.00014
1.00035
1.00035
1.00001
1.00023
1.698
0.9905
0.5406
0.48654
0.61128
1.0137
0.70959
1.25424
0.79838
0.69333
0.4272
0.8015
0.67326
2.1162
1.24515
0.511
0.49275
1.6866
0.98385
0.76608
0.7028
1.1627
0.84829
0.9072
0.55814
0.5994
0.55944
0.63375
0.84672
0.67804
0.55476
1.24652
0.5829
